61 of 100 are feasible solutions to Problem 1.2:
x1: 0.0000, x2: 0.0000 == [0.0000, 50.0000]
x1: 0.0000, x2: 0.0000 == [0.0000, 50.0000]
x1: 1.5646, x2: 1.3948 == [17.5738, 24.7995]
x1: 1.6893, x2: 1.4263 == [19.5522, 23.7320]
x1: 1.8994, x2: 1.6678 == [25.5567, 20.7174]
x1: 0.2234, x2: 0.4202 == [0.9059, 43.7906]
x1: 1.2652, x2: 1.2197 == [12.3539, 28.2392]
x1: 2.3307, x2: 2.0940 == [39.2667, 15.5704]
x1: 0.1010, x2: 0.0622 == [0.0562, 48.3827]
x1: 2.5727, x2: 2.4480 == [50.4447, 12.4048]
x1: 0.4121, x2: 0.5161 == [1.7445, 41.1548]
x1: 0.2964, x2: 0.4974 == [1.3412, 42.3968]
x1: 0.6300, x2: 0.6568 == [3.3133, 37.9601]
x1: 0.6660, x2: 0.7180 == [3.8367, 37.1185]
x1: 0.5351, x2: 0.5691 == [2.4408, 39.5682]
x1: 0.9895, x2: 1.5947 == [14.0886, 27.6801]
x1: 0.5710, x2: 0.8929 == [4.4929, 36.4847]
x1: 2.5004, x2: 2.0746 == [42.2247, 14.8058]
x1: 0.8053, x2: 1.1891 == [8.2498, 32.1185]
x1: 0.1248, x2: 0.2563 == [0.3251, 46.2700]
x1: 1.1393, x2: 0.9432 == [8.7510, 31.3621]
x1: 2.3509, x2: 2.4196 == [45.5260, 13.6759]
x1: 1.1114, x2: 1.5850 == [14.9892, 26.7838]
x1: 1.5800, x2: 1.6158 == [20.4288, 23.1492]
x1: 0.9894, x2: 0.8777 == [6.9970, 33.0784]
x1: 2.6614, x2: 2.6377 == [56.1614, 11.0497]
x1: 1.0535, x2: 1.2341 == [10.5320, 29.7564]
x1: 0.2322, x2: 0.0756 == [0.2386, 46.9811]
x1: 2.1299, x2: 2.1742 == [37.0549, 16.2225]
x1: 0.2703, x2: 0.4655 == [1.1591, 42.9316]
x1: 1.5207, x2: 1.2886 == [15.8929, 25.8795]
x1: 0.7114, x2: 0.8437 == [4.8714, 35.6672]
x1: 1.5796, x2: 1.7815 == [22.6755, 22.0579]
x1: 0.2764, x2: 0.2164 == [0.4929, 45.1954]
x1: 1.7342, x2: 1.9230 == [26.8211, 20.1336]
x1: 1.0695, x2: 1.1322 == [9.7026, 30.4089]
x1: 1.9919, x2: 2.0601 == [32.8472, 17.6915]
x1: 2.7346, x2: 2.1597 == [48.5699, 13.1992]
x1: 2.5594, x2: 2.5181 == [51.5662, 12.1162]
x1: 0.6848, x2: 0.9981 == [5.8605, 34.6364]
x1: 1.6965, x2: 1.1707 == [16.9941, 25.5770]
x1: 0.8961, x2: 0.8951 == [6.4167, 33.6923]
x1: 0.2764, x2: 0.2164 == [0.4929, 45.1954]
x1: 2.1431, x2: 1.9815 == [34.0765, 17.2733]
x1: 1.4570, x2: 1.1976 == [14.2286, 27.0109]
x1: 0.4892, x2: 0.5153 == [2.0195, 40.4596]
x1: 2.0963, x2: 1.7649 == [30.0375, 18.8973]
x1: 1.2610, x2: 1.1023 == [11.2206, 29.1723]
x1: 1.7371, x2: 1.6935 == [23.5421, 21.5794]
x1: 1.7371, x2: 1.6935 == [23.5421, 21.5794]
x1: 1.9231, x2: 1.8602 == [28.6351, 19.3255]
x1: 0.7415, x2: 0.8653 == [5.1940, 35.2310]
x1: 1.5384, x2: 1.7295 == [21.4312, 22.6789]
x1: 2.5697, x2: 2.6598 == [54.7113, 11.3830]
x1: 2.6039, x2: 2.6005 == [54.1724, 11.4987]
x1: 0.6515, x2: 0.5494 == [2.9051, 38.7174]
x1: 1.9136, x2: 1.3793 == [22.2581, 22.6349]
x1: 2.1481, x2: 2.0092 == [34.6047, 17.0782]
x1: 0.5751, x2: 0.6092 == [2.8072, 38.8594]
x1: 2.3119, x2: 2.1990 == [40.7215, 15.0716]
x1: 2.0270, x2: 2.1865 == [35.5573, 16.7548]

100 of 100 are feasible solutions to Problem 1.3:
0.8519  0.0001  0.0000  0.0001  0.0001  0.0000  0.0000  0.0001  0.0002  0.0000  0.0000  0.0000  0.0008  0.0000  0.0003  0.0000  0.0004  0.0000  0.0000  0.0000  0.0005  0.0000  0.0000  0.0000  0.0004  0.0007  0.0003  0.0000  0.0000  0.0001 == [0.8519, -0.7711]
0.0000  0.0000  0.0000  0.0000  0.0000  0.0000  0.0000  0.0000  0.0000  0.0000  0.0000  0.0000  0.0000  0.0000  0.0000  0.0000  0.0000  0.0000  0.0000  0.0000  0.0000  0.0000  0.0000  0.0000  0.0000  0.0000  0.0000  0.0000  0.0000  0.0000 == [0.0000, 1.0002]
0.0000  0.0000  0.0000  0.0000  0.0000  0.0000  0.0000  0.0000  0.0000  0.0000  0.0000  0.0000  0.0000  0.0000  0.0000  0.0000  0.0000  0.0000  0.0000  0.0000  0.0000  0.0000  0.0000  0.0000  0.0000  0.0000  0.0000  0.0000  0.0000  0.0000 == [0.0000, 1.0002]
0.8519  0.0001  0.0000  0.0001  0.0001  0.0000  0.0000  0.0001  0.0002  0.0000  0.0000  0.0000  0.0008  0.0000  0.0003  0.0000  0.0004  0.0000  0.0000  0.0000  0.0005  0.0000  0.0000  0.0000  0.0004  0.0007  0.0003  0.0000  0.0000  0.0001 == [0.8519, -0.7711]
0.8236  0.0001  0.0000  0.0001  0.0001  0.0000  0.0000  0.0001  0.0002  0.0000  0.0000  0.0000  0.0008  0.0000  0.0003  0.0000  0.0004  0.0000  0.0000  0.0000  0.0005  0.0000  0.0000  0.0000  0.0000  0.0006  0.0003  0.0000  0.0000  0.0001 == [0.8236, -0.4626]
0.4538  0.0002  0.0000  0.0000  0.0000  0.0000  0.0005  0.0000  0.0003  0.0001  0.0000  0.0000  0.0000  0.0000  0.0000  0.0000  0.0005  0.0000  0.0001  0.0001  0.0000  0.0000  0.0001  0.0000  0.0000  0.0000  0.0001  0.0001  0.0000  0.0000 == [0.4538, -0.1226]
0.6522  0.0000  0.0000  0.0000  0.0001  0.0002  0.0004  0.0000  0.0008  0.0001  0.0000  0.0000  0.0000  0.0000  0.0000  0.0001  0.0003  0.0000  0.0001  0.0000  0.0000  0.0000  0.0001  0.0001  0.0000  0.0000  0.0001  0.0000  0.0001  0.0000 == [0.6522, -0.4567]
0.6191  0.0001  0.0001  0.0001  0.0001  0.0000  0.0000  0.0002  0.0002  0.0000  0.0000  0.0000  0.0012  0.0000  0.0003  0.0000  0.0004  0.0000  0.0000  0.0000  0.0004  0.0000  0.0000  0.0000  0.0003  0.0007  0.0003  0.0000  0.0000  0.0001 == [0.6191, -0.1341]
0.4094  0.0000  0.0000  0.0000  0.0000  0.0000  0.0005  0.0000  0.0006  0.0001  0.0000  0.0000  0.0000  0.0000  0.0000  0.0000  0.0003  0.0000  0.0001  0.0001  0.0001  0.0001  0.0001  0.0000  0.0000  0.0004  0.0000  0.0001  0.0000  0.0000 == [0.4094, 0.2429]
0.2574  0.0000  0.0000  0.0000  0.0001  0.0000  0.0000  0.0000  0.0005  0.0001  0.0000  0.0000  0.0000  0.0000  0.0000  0.0000  0.0000  0.0000  0.0000  0.0000  0.0000  0.0000  0.0000  0.0000  0.0000  0.0000  0.0002  0.0000  0.0000  0.0000 == [0.2574, 0.2430]
0.1829  0.0000  0.0001  0.0000  0.0001  0.0002  0.0001  0.0001  0.0002  0.0001  0.0002  0.0000  0.0001  0.0000  0.0000  0.0000  0.0000  0.0000  0.0000  0.0000  0.0002  0.0000  0.0001  0.0000  0.0003  0.0000  0.0003  0.0001  0.0003  0.0000 == [0.1829, 0.6680]
0.0832  0.0000  0.0000  0.0000  0.0000  0.0000  0.0000  0.0000  0.0001  0.0000  0.0000  0.0000  0.0000  0.0000  0.0000  0.0000  0.0000  0.0000  0.0000  0.0000  0.0000  0.0000  0.0000  0.0000  0.0000  0.0001  0.0000  0.0000  0.0000  0.0000 == [0.0832, 0.6701]
0.4417  0.0003  0.0000  0.0000  0.0000  0.0000  0.0003  0.0004  0.0002  0.0000  0.0000  0.0000  0.0012  0.0001  0.0002  0.0000  0.0002  0.0001  0.0000  0.0000  0.0000  0.0001  0.0000  0.0000  0.0010  0.0004  0.0004  0.0000  0.0000  0.0000 == [0.4417, -0.0879]
0.8396  0.0001  0.0007  0.0001  0.0004  0.0004  0.0003  0.0000  0.0000  0.0001  0.0001  0.0000  0.0004  0.0001  0.0001  0.0000  0.0002  0.0000  0.0003  0.0001  0.0007  0.0005  0.0001  0.0002  0.0000  0.0001  0.0000  0.0002  0.0001  0.0004 == [0.8396, -0.7082]
0.1972  0.0000  0.0003  0.0000  0.0003  0.0005  0.0002  0.0012  0.0000  0.0000  0.0000  0.0000  0.0000  0.0002  0.0000  0.0004  0.0001  0.0000  0.0000  0.0000  0.0000  0.0000  0.0003  0.0001  0.0000  0.0005  0.0004  0.0000  0.0001  0.0000 == [0.1972, 0.5773]
0.4352  0.0000  0.0000  0.0000  0.0000  0.0000  0.0006  0.0000  0.0005  0.0001  0.0000  0.0000  0.0000  0.0000  0.0000  0.0000  0.0003  0.0000  0.0000  0.0003  0.0001  0.0001  0.0001  0.0000  0.0005  0.0000  0.0000  0.0001  0.0000  0.0000 == [0.4352, -0.0468]
0.8272  0.0003  0.0000  0.0000  0.0001  0.0001  0.0000  0.0000  0.0001  0.0000  0.0000  0.0000  0.0009  0.0000  0.0002  0.0000  0.0003  0.0000  0.0000  0.0000  0.0006  0.0000  0.0000  0.0000  0.0005  0.0010  0.0003  0.0000  0.0000  0.0000 == [0.8272, -0.5316]
0.1874  0.0000  0.0000  0.0000  0.0002  0.0001  0.0000  0.0000  0.0006  0.0001  0.0001  0.0001  0.0000  0.0000  0.0000  0.0000  0.0000  0.0000  0.0000  0.0000  0.0001  0.0000  0.0000  0.0000  0.0004  0.0001  0.0003  0.0000  0.0000  0.0000 == [0.1874, 0.6408]
0.0738  0.0000  0.0000  0.0000  0.0000  0.0000  0.0000  0.0000  0.0001  0.0000  0.0000  0.0000  0.0000  0.0000  0.0000  0.0000  0.0000  0.0000  0.0000  0.0000  0.0000  0.0000  0.0000  0.0000  0.0000  0.0001  0.0001  0.0000  0.0000  0.0000 == [0.0738, 0.6748]
0.0028  0.0000  0.0000  0.0000  0.0000  0.0001  0.0000  0.0000  0.0000  0.0000  0.0000  0.0000  0.0000  0.0000  0.0000  0.0000  0.0000  0.0000  0.0000  0.0000  0.0000  0.0000  0.0001  0.0000  0.0000  0.0000  0.0001  0.0000  0.0000  0.0000 == [0.0028, 0.9470]
0.2014  0.0000  0.0001  0.0000  0.0001  0.0001  0.0002  0.0002  0.0002  0.0001  0.0002  0.0000  0.0000  0.0000  0.0000  0.0000  0.0000  0.0000  0.0000  0.0000  0.0002  0.0000  0.0001  0.0000  0.0003  0.0002  0.0003  0.0001  0.0003  0.0000 == [0.2014, 0.5448]
0.0382  0.0000  0.0000  0.0000  0.0000  0.0000  0.0000  0.0000  0.0000  0.0000  0.0000  0.0000  0.0000  0.0000  0.0000  0.0000  0.0000  0.0000  0.0000  0.0000  0.0000  0.0000  0.0000  0.0000  0.0001  0.0000  0.0000  0.0000  0.0000  0.0000 == [0.0382, 0.7694]
0.4187  0.0000  0.0000  0.0000  0.0000  0.0000  0.0006  0.0000  0.0003  0.0001  0.0000  0.0000  0.0000  0.0000  0.0000  0.0000  0.0003  0.0000  0.0000  0.0003  0.0001  0.0001  0.0001  0.0000  0.0005  0.0000  0.0000  0.0001  0.0000  0.0000 == [0.4187, 0.1225]
0.4145  0.0000  0.0000  0.0000  0.0000  0.0000  0.0004  0.0000  0.0006  0.0001  0.0000  0.0000  0.0000  0.0000  0.0000  0.0000  0.0003  0.0000  0.0001  0.0001  0.0000  0.0001  0.0001  0.0000  0.0000  0.0000  0.0000  0.0001  0.0000  0.0000 == [0.4145, 0.1752]
0.4465  0.0003  0.0000  0.0000  0.0000  0.0000  0.0006  0.0000  0.0003  0.0001  0.0000  0.0000  0.0000  0.0000  0.0000  0.0000  0.0005  0.0000  0.0001  0.0001  0.0000  0.0000  0.0001  0.0000  0.0000  0.0000  0.0001  0.0001  0.0000  0.0000 == [0.4465, -0.1103]
0.2075  0.0000  0.0001  0.0000  0.0002  0.0000  0.0000  0.0001  0.0019  0.0001  0.0001  0.0000  0.0001  0.0000  0.0000  0.0000  0.0000  0.0000  0.0000  0.0000  0.0000  0.0000  0.0000  0.0000  0.0003  0.0005  0.0003  0.0000  0.0000  0.0000 == [0.2075, 0.4989]
0.2406  0.0000  0.0001  0.0000  0.0001  0.0000  0.0000  0.0001  0.0007  0.0000  0.0001  0.0000  0.0000  0.0000  0.0000  0.0000  0.0001  0.0000  0.0000  0.0000  0.0001  0.0000  0.0000  0.0000  0.0000  0.0000  0.0002  0.0001  0.0001  0.0000 == [0.2406, 0.2806]
0.6298  0.0001  0.0001  0.0002  0.0001  0.0001  0.0001  0.0000  0.0006  0.0000  0.0001  0.0000  0.0015  0.0002  0.0002  0.0000  0.0000  0.0001  0.0001  0.0000  0.0003  0.0004  0.0000  0.0001  0.0032  0.0038  0.0002  0.0000  0.0000  0.0003 == [0.6298, -0.2937]
0.6314  0.0002  0.0001  0.0002  0.0000  0.0001  0.0000  0.0000  0.0004  0.0000  0.0001  0.0000  0.0011  0.0002  0.0001  0.0000  0.0003  0.0001  0.0001  0.0000  0.0002  0.0004  0.0000  0.0000  0.0024  0.0019  0.0001  0.0000  0.0000  0.0002 == [0.6314, -0.3168]
0.8332  0.0001  0.0000  0.0001  0.0001  0.0000  0.0000  0.0000  0.0001  0.0000  0.0000  0.0000  0.0007  0.0000  0.0003  0.0000  0.0004  0.0001  0.0000  0.0000  0.0005  0.0000  0.0000  0.0000  0.0005  0.0010  0.0003  0.0000  0.0000  0.0001 == [0.8332, -0.6302]
0.0153  0.0000  0.0000  0.0000  0.0001  0.0001  0.0000  0.0000  0.0001  0.0000  0.0001  0.0000  0.0000  0.0000  0.0000  0.0000  0.0002  0.0000  0.0000  0.0000  0.0001  0.0000  0.0000  0.0000  0.0000  0.0002  0.0002  0.0000  0.0001  0.0000 == [0.0153, 0.8703]
0.4127  0.0001  0.0000  0.0000  0.0000  0.0000  0.0006  0.0001  0.0001  0.0001  0.0000  0.0000  0.0000  0.0000  0.0000  0.0000  0.0002  0.0000  0.0000  0.0000  0.0000  0.0001  0.0001  0.0000  0.0000  0.0003  0.0000  0.0001  0.0000  0.0000 == [0.4127, 0.1981]
0.8288  0.0001  0.0000  0.0001  0.0001  0.0000  0.0003  0.0000  0.0002  0.0000  0.0000  0.0000  0.0008  0.0000  0.0003  0.0000  0.0004  0.0001  0.0000  0.0000  0.0006  0.0000  0.0000  0.0000  0.0004  0.0011  0.0003  0.0000  0.0000  0.0001 == [0.8288, -0.5595]
0.8359  0.0001  0.0000  0.0001  0.0001  0.0000  0.0000  0.0000  0.0000  0.0000  0.0000  0.0000  0.0007  0.0000  0.0003  0.0000  0.0004  0.0000  0.0000  0.0000  0.0005  0.0000  0.0000  0.0000  0.0003  0.0006  0.0002  0.0000  0.0000  0.0000 == [0.8359, -0.6680]
0.4292  0.0003  0.0000  0.0000  0.0001  0.0000  0.0002  0.0004  0.0002  0.0000  0.0000  0.0000  0.0018  0.0001  0.0002  0.0000  0.0002  0.0001  0.0000  0.0000  0.0000  0.0001  0.0000  0.0000  0.0007  0.0004  0.0004  0.0000  0.0000  0.0000 == [0.4292, 0.0075]
0.4110  0.0001  0.0000  0.0001  0.0000  0.0000  0.0002  0.0000  0.0006  0.0001  0.0000  0.0000  0.0000  0.0000  0.0000  0.0000  0.0003  0.0000  0.0001  0.0001  0.0000  0.0001  0.0001  0.0000  0.0000  0.0000  0.0000  0.0001  0.0000  0.0000 == [0.4110, 0.2216]
0.6252  0.0002  0.0000  0.0001  0.0001  0.0000  0.0000  0.0000  0.0005  0.0000  0.0000  0.0000  0.0006  0.0001  0.0003  0.0000  0.0008  0.0000  0.0000  0.0000  0.0006  0.0002  0.0000  0.0000  0.0005  0.0015  0.0000  0.0000  0.0000  0.0000 == [0.6252, -0.2323]
0.6220  0.0001  0.0000  0.0001  0.0002  0.0000  0.0000  0.0000  0.0002  0.0000  0.0001  0.0000  0.0005  0.0000  0.0006  0.0000  0.0004  0.0001  0.0000  0.0000  0.0005  0.0000  0.0000  0.0000  0.0009  0.0009  0.0003  0.0000  0.0000  0.0001 == [0.6220, -0.1828]
0.2187  0.0000  0.0002  0.0000  0.0003  0.0002  0.0003  0.0008  0.0003  0.0001  0.0000  0.0000  0.0000  0.0003  0.0000  0.0002  0.0001  0.0000  0.0000  0.0000  0.0000  0.0000  0.0003  0.0000  0.0000  0.0008  0.0001  0.0001  0.0001  0.0000 == [0.2187, 0.4142]
0.6205  0.0001  0.0002  0.0000  0.0001  0.0000  0.0000  0.0001  0.0003  0.0000  0.0000  0.0000  0.0000  0.0000  0.0000  0.0001  0.0005  0.0001  0.0001  0.0000  0.0004  0.0002  0.0001  0.0000  0.0004  0.0008  0.0004  0.0000  0.0000  0.0001 == [0.6205, -0.1584]
0.0533  0.0000  0.0001  0.0000  0.0000  0.0001  0.0000  0.0000  0.0000  0.0000  0.0000  0.0000  0.0000  0.0000  0.0000  0.0001  0.0002  0.0000  0.0000  0.0001  0.0001  0.0000  0.0000  0.0000  0.0000  0.0001  0.0002  0.0000  0.0001  0.0000 == [0.0533, 0.7170]
0.2115  0.0000  0.0000  0.0000  0.0000  0.0000  0.0000  0.0000  0.0000  0.0000  0.0000  0.0000  0.0001  0.0000  0.0000  0.0000  0.0000  0.0000  0.0000  0.0000  0.0001  0.0001  0.0000  0.0000  0.0003  0.0000  0.0000  0.0000  0.0000  0.0000 == [0.2115, 0.4664]
0.2366  0.0000  0.0000  0.0000  0.0001  0.0000  0.0001  0.0000  0.0002  0.0001  0.0001  0.0001  0.0003  0.0000  0.0001  0.0000  0.0000  0.0000  0.0000  0.0001  0.0002  0.0000  0.0000  0.0000  0.0002  0.0002  0.0003  0.0002  0.0003  0.0000 == [0.2366, 0.2997]
0.6362  0.0001  0.0001  0.0002  0.0001  0.0001  0.0002  0.0000  0.0006  0.0000  0.0001  0.0000  0.0012  0.0003  0.0002  0.0000  0.0000  0.0001  0.0001  0.0000  0.0004  0.0004  0.0000  0.0001  0.0037  0.0039  0.0002  0.0000  0.0000  0.0005 == [0.6362, -0.3671]
0.1925  0.0000  0.0001  0.0000  0.0000  0.0000  0.0000  0.0001  0.0007  0.0001  0.0002  0.0000  0.0001  0.0000  0.0000  0.0000  0.0000  0.0000  0.0000  0.0000  0.0001  0.0000  0.0000  0.0000  0.0002  0.0001  0.0002  0.0000  0.0001  0.0000 == [0.1925, 0.6080]
0.4327  0.0000  0.0000  0.0000  0.0000  0.0000  0.0004  0.0000  0.0005  0.0001  0.0000  0.0000  0.0000  0.0000  0.0000  0.0000  0.0002  0.0000  0.0001  0.0001  0.0001  0.0001  0.0001  0.0000  0.0000  0.0000  0.0000  0.0001  0.0000  0.0000 == [0.4327, -0.0271]
0.0620  0.0000  0.0000  0.0000  0.0001  0.0000  0.0000  0.0000  0.0000  0.0000  0.0000  0.0000  0.0000  0.0000  0.0000  0.0000  0.0001  0.0000  0.0000  0.0000  0.0000  0.0000  0.0000  0.0000  0.0001  0.0000  0.0001  0.0000  0.0001  0.0000 == [0.0620, 0.6939]
0.0290  0.0000  0.0000  0.0000  0.0001  0.0000  0.0000  0.0000  0.0001  0.0000  0.0000  0.0000  0.0001  0.0000  0.0000  0.0000  0.0001  0.0000  0.0000  0.0000  0.0000  0.0000  0.0000  0.0000  0.0000  0.0000  0.0001  0.0000  0.0000  0.0001 == [0.0290, 0.8075]
0.8356  0.0002  0.0000  0.0001  0.0001  0.0000  0.0000  0.0000  0.0000  0.0000  0.0000  0.0000  0.0007  0.0000  0.0003  0.0000  0.0004  0.0001  0.0000  0.0000  0.0004  0.0000  0.0000  0.0000  0.0003  0.0006  0.0002  0.0000  0.0000  0.0000 == [0.8356, -0.6640]
0.0454  0.0000  0.0000  0.0000  0.0001  0.0000  0.0000  0.0000  0.0001  0.0000  0.0000  0.0000  0.0000  0.0000  0.0000  0.0000  0.0001  0.0000  0.0000  0.0000  0.0000  0.0000  0.0000  0.0000  0.0000  0.0000  0.0001  0.0000  0.0000  0.0001 == [0.0454, 0.7427]
0.8425  0.0001  0.0000  0.0001  0.0001  0.0000  0.0000  0.0001  0.0001  0.0000  0.0000  0.0000  0.0011  0.0000  0.0003  0.0000  0.0004  0.0000  0.0000  0.0000  0.0004  0.0000  0.0000  0.0000  0.0005  0.0006  0.0003  0.0000  0.0000  0.0000 == [0.8425, -0.7348]
0.0068  0.0000  0.0000  0.0000  0.0000  0.0000  0.0000  0.0000  0.0002  0.0000  0.0000  0.0000  0.0000  0.0000  0.0000  0.0000  0.0000  0.0000  0.0000  0.0000  0.0000  0.0000  0.0000  0.0000  0.0000  0.0000  0.0000  0.0000  0.0000  0.0000 == [0.0068, 0.9166]
0.2339  0.0000  0.0000  0.0000  0.0001  0.0000  0.0000  0.0000  0.0005  0.0001  0.0001  0.0000  0.0001  0.0000  0.0001  0.0000  0.0001  0.0000  0.0001  0.0000  0.0001  0.0000  0.0000  0.0000  0.0004  0.0000  0.0003  0.0000  0.0000  0.0000 == [0.2339, 0.3136]
0.8253  0.0004  0.0000  0.0000  0.0001  0.0001  0.0000  0.0000  0.0000  0.0000  0.0000  0.0000  0.0008  0.0000  0.0002  0.0000  0.0003  0.0000  0.0000  0.0000  0.0006  0.0000  0.0000  0.0000  0.0000  0.0013  0.0003  0.0000  0.0000  0.0000 == [0.8253, -0.4950]
0.0008  0.0000  0.0000  0.0000  0.0000  0.0000  0.0000  0.0000  0.0000  0.0000  0.0000  0.0000  0.0000  0.0000  0.0000  0.0000  0.0000  0.0000  0.0000  0.0000  0.0000  0.0000  0.0000  0.0000  0.0000  0.0000  0.0001  0.0000  0.0000  0.0000 == [0.0008, 0.9713]
0.0456  0.0000  0.0000  0.0000  0.0000  0.0000  0.0000  0.0000  0.0000  0.0000  0.0000  0.0000  0.0000  0.0000  0.0000  0.0000  0.0000  0.0000  0.0000  0.0000  0.0001  0.0000  0.0000  0.0000  0.0000  0.0000  0.0000  0.0000  0.0000  0.0000 == [0.0456, 0.7415]
0.6335  0.0001  0.0000  0.0001  0.0002  0.0000  0.0000  0.0000  0.0002  0.0000  0.0001  0.0000  0.0007  0.0000  0.0002  0.0000  0.0004  0.0001  0.0000  0.0000  0.0005  0.0000  0.0000  0.0000  0.0008  0.0008  0.0003  0.0000  0.0000  0.0001 == [0.6335, -0.3436]
0.8300  0.0004  0.0000  0.0001  0.0001  0.0001  0.0000  0.0000  0.0000  0.0000  0.0000  0.0000  0.0007  0.0000  0.0002  0.0000  0.0003  0.0000  0.0000  0.0000  0.0006  0.0000  0.0000  0.0000  0.0005  0.0013  0.0003  0.0000  0.0000  0.0000 == [0.8300, -0.5793]
0.0547  0.0000  0.0000  0.0000  0.0000  0.0000  0.0000  0.0000  0.0001  0.0000  0.0000  0.0000  0.0000  0.0000  0.0000  0.0000  0.0000  0.0000  0.0000  0.0000  0.0000  0.0000  0.0000  0.0000  0.0000  0.0002  0.0000  0.0000  0.0000  0.0000 == [0.0547, 0.7126]
0.1929  0.0000  0.0002  0.0000  0.0003  0.0006  0.0001  0.0015  0.0000  0.0000  0.0000  0.0000  0.0000  0.0002  0.0000  0.0003  0.0001  0.0000  0.0000  0.0000  0.0000  0.0000  0.0004  0.0001  0.0000  0.0003  0.0004  0.0000  0.0001  0.0000 == [0.1929, 0.6072]
0.4262  0.0003  0.0000  0.0000  0.0001  0.0000  0.0001  0.0002  0.0003  0.0000  0.0000  0.0000  0.0009  0.0001  0.0002  0.0000  0.0002  0.0001  0.0000  0.0000  0.0000  0.0001  0.0000  0.0000  0.0008  0.0004  0.0004  0.0000  0.0000  0.0000 == [0.4262, 0.0371]
0.2040  0.0000  0.0000  0.0000  0.0002  0.0001  0.0000  0.0000  0.0006  0.0001  0.0001  0.0000  0.0000  0.0000  0.0000  0.0000  0.0000  0.0000  0.0000  0.0000  0.0001  0.0000  0.0000  0.0000  0.0004  0.0001  0.0003  0.0000  0.0000  0.0000 == [0.2040, 0.5247]
0.8310  0.0001  0.0000  0.0001  0.0001  0.0000  0.0000  0.0001  0.0002  0.0000  0.0000  0.0000  0.0007  0.0000  0.0003  0.0000  0.0004  0.0000  0.0000  0.0000  0.0004  0.0000  0.0000  0.0000  0.0005  0.0008  0.0003  0.0000  0.0000  0.0001 == [0.8310, -0.5959]
0.2226  0.0000  0.0001  0.0000  0.0000  0.0002  0.0001  0.0002  0.0001  0.0001  0.0002  0.0000  0.0002  0.0000  0.0000  0.0000  0.0000  0.0000  0.0000  0.0000  0.0002  0.0000  0.0001  0.0000  0.0002  0.0000  0.0004  0.0001  0.0003  0.0000 == [0.2226, 0.3849]
0.8321  0.0001  0.0000  0.0001  0.0001  0.0000  0.0000  0.0001  0.0002  0.0000  0.0000  0.0000  0.0007  0.0000  0.0003  0.0000  0.0004  0.0000  0.0000  0.0000  0.0005  0.0000  0.0000  0.0000  0.0004  0.0007  0.0003  0.0000  0.0000  0.0001 == [0.8321, -0.6143]
0.6381  0.0001  0.0000  0.0001  0.0001  0.0000  0.0000  0.0001  0.0002  0.0000  0.0000  0.0000  0.0007  0.0000  0.0002  0.0000  0.0004  0.0001  0.0000  0.0000  0.0005  0.0000  0.0000  0.0000  0.0004  0.0011  0.0003  0.0000  0.0000  0.0001 == [0.6381, -0.3902]
0.4235  0.0001  0.0000  0.0000  0.0000  0.0000  0.0006  0.0000  0.0006  0.0001  0.0000  0.0000  0.0000  0.0000  0.0000  0.0000  0.0003  0.0000  0.0000  0.0001  0.0001  0.0001  0.0001  0.0000  0.0000  0.0005  0.0000  0.0001  0.0000  0.0001 == [0.4235, 0.0663]
0.8455  0.0001  0.0005  0.0001  0.0001  0.0001  0.0005  0.0000  0.0002  0.0000  0.0000  0.0000  0.0009  0.0000  0.0003  0.0000  0.0004  0.0000  0.0000  0.0000  0.0005  0.0001  0.0000  0.0000  0.0000  0.0005  0.0002  0.0000  0.0000  0.0001 == [0.8455, -0.7539]
0.2157  0.0000  0.0000  0.0000  0.0000  0.0000  0.0001  0.0000  0.0000  0.0000  0.0000  0.0000  0.0000  0.0000  0.0000  0.0000  0.0000  0.0000  0.0000  0.0000  0.0000  0.0000  0.0000  0.0000  0.0000  0.0001  0.0000  0.0000  0.0000  0.0000 == [0.2157, 0.4335]
0.6271  0.0001  0.0001  0.0002  0.0001  0.0001  0.0001  0.0000  0.0006  0.0000  0.0001  0.0000  0.0019  0.0002  0.0002  0.0000  0.0000  0.0001  0.0001  0.0000  0.0004  0.0004  0.0000  0.0001  0.0030  0.0053  0.0002  0.0000  0.0000  0.0004 == [0.6271, -0.2557]
0.0195  0.0000  0.0000  0.0000  0.0000  0.0000  0.0000  0.0000  0.0001  0.0000  0.0000  0.0000  0.0000  0.0000  0.0000  0.0000  0.0000  0.0000  0.0000  0.0000  0.0000  0.0000  0.0000  0.0000  0.0000  0.0000  0.0000  0.0001  0.0000  0.0000 == [0.0195, 0.8495]
0.1842  0.0000  0.0001  0.0000  0.0000  0.0001  0.0001  0.0001  0.0001  0.0001  0.0004  0.0000  0.0001  0.0000  0.0000  0.0000  0.0000  0.0000  0.0000  0.0001  0.0002  0.0000  0.0001  0.0000  0.0005  0.0000  0.0003  0.0001  0.0002  0.0000 == [0.1842, 0.6610]
0.4211  0.0001  0.0000  0.0000  0.0000  0.0000  0.0004  0.0000  0.0005  0.0001  0.0000  0.0000  0.0000  0.0000  0.0000  0.0000  0.0003  0.0000  0.0000  0.0003  0.0000  0.0000  0.0002  0.0000  0.0000  0.0004  0.0000  0.0001  0.0000  0.0000 == [0.4211, 0.0939]
0.8252  0.0002  0.0000  0.0001  0.0001  0.0000  0.0000  0.0000  0.0002  0.0000  0.0001  0.0000  0.0008  0.0000  0.0003  0.0000  0.0004  0.0001  0.0000  0.0000  0.0005  0.0000  0.0000  0.0000  0.0005  0.0011  0.0003  0.0000  0.0000  0.0001 == [0.8252, -0.4936]
0.6414  0.0001  0.0000  0.0001  0.0001  0.0000  0.0000  0.0000  0.0002  0.0000  0.0001  0.0000  0.0006  0.0000  0.0003  0.0000  0.0003  0.0001  0.0000  0.0000  0.0005  0.0000  0.0000  0.0000  0.0004  0.0013  0.0002  0.0000  0.0000  0.0001 == [0.6414, -0.4166]
0.0073  0.0000  0.0000  0.0000  0.0000  0.0000  0.0000  0.0000  0.0001  0.0000  0.0000  0.0000  0.0000  0.0000  0.0000  0.0000  0.0000  0.0000  0.0000  0.0000  0.0000  0.0000  0.0000  0.0000  0.0000  0.0002  0.0000  0.0000  0.0000  0.0000 == [0.0073, 0.9136]
0.2136  0.0000  0.0001  0.0000  0.0002  0.0000  0.0000  0.0001  0.0016  0.0001  0.0001  0.0000  0.0003  0.0000  0.0000  0.0000  0.0000  0.0000  0.0000  0.0000  0.0000  0.0000  0.0000  0.0000  0.0000  0.0005  0.0004  0.0000  0.0000  0.0001 == [0.2136, 0.4521]
0.0342  0.0000  0.0000  0.0000  0.0001  0.0000  0.0000  0.0000  0.0001  0.0000  0.0000  0.0000  0.0000  0.0000  0.0000  0.0000  0.0001  0.0000  0.0000  0.0000  0.0000  0.0000  0.0000  0.0000  0.0000  0.0000  0.0001  0.0000  0.0000  0.0001 == [0.0342, 0.7857]
0.4242  0.0000  0.0000  0.0000  0.0001  0.0000  0.0012  0.0001  0.0009  0.0001  0.0000  0.0000  0.0001  0.0000  0.0000  0.0000  0.0005  0.0000  0.0000  0.0001  0.0002  0.0000  0.0001  0.0000  0.0000  0.0004  0.0000  0.0001  0.0000  0.0000 == [0.4242, 0.0591]
0.4168  0.0001  0.0000  0.0000  0.0000  0.0000  0.0004  0.0000  0.0006  0.0001  0.0000  0.0000  0.0000  0.0000  0.0000  0.0000  0.0003  0.0000  0.0001  0.0001  0.0000  0.0001  0.0001  0.0000  0.0000  0.0004  0.0000  0.0001  0.0000  0.0001 == [0.4168, 0.1466]
0.6238  0.0001  0.0000  0.0000  0.0001  0.0000  0.0000  0.0000  0.0005  0.0000  0.0000  0.0000  0.0006  0.0001  0.0004  0.0000  0.0005  0.0000  0.0000  0.0000  0.0005  0.0002  0.0000  0.0000  0.0005  0.0009  0.0000  0.0000  0.0000  0.0000 == [0.6238, -0.2118]
0.6278  0.0001  0.0001  0.0002  0.0001  0.0002  0.0001  0.0000  0.0005  0.0000  0.0001  0.0000  0.0021  0.0002  0.0002  0.0000  0.0000  0.0001  0.0001  0.0000  0.0004  0.0004  0.0000  0.0001  0.0035  0.0043  0.0002  0.0000  0.0000  0.0003 == [0.6278, -0.2659]
0.0619  0.0000  0.0000  0.0000  0.0001  0.0000  0.0000  0.0000  0.0000  0.0000  0.0000  0.0000  0.0000  0.0000  0.0000  0.0000  0.0001  0.0000  0.0000  0.0000  0.0000  0.0000  0.0000  0.0000  0.0001  0.0000  0.0001  0.0000  0.0000  0.0000 == [0.0619, 0.6942]
0.2310  0.0000  0.0001  0.0000  0.0000  0.0002  0.0001  0.0001  0.0000  0.0001  0.0002  0.0000  0.0001  0.0000  0.0000  0.0000  0.0000  0.0000  0.0000  0.0001  0.0002  0.0000  0.0001  0.0000  0.0003  0.0000  0.0003  0.0001  0.0002  0.0000 == [0.2310, 0.3304]
0.2463  0.0000  0.0000  0.0000  0.0001  0.0000  0.0001  0.0000  0.0002  0.0001  0.0001  0.0001  0.0000  0.0000  0.0001  0.0000  0.0000  0.0000  0.0000  0.0001  0.0002  0.0000  0.0000  0.0000  0.0002  0.0002  0.0003  0.0002  0.0003  0.0000 == [0.2463, 0.2608]
0.6392  0.0002  0.0000  0.0001  0.0001  0.0000  0.0000  0.0000  0.0005  0.0000  0.0000  0.0000  0.0007  0.0001  0.0003  0.0000  0.0009  0.0000  0.0000  0.0000  0.0007  0.0002  0.0000  0.0000  0.0005  0.0014  0.0000  0.0000  0.0000  0.0000 == [0.6392, -0.3989]
0.2055  0.0000  0.0001  0.0000  0.0003  0.0000  0.0000  0.0001  0.0013  0.0001  0.0001  0.0001  0.0000  0.0000  0.0000  0.0000  0.0001  0.0000  0.0000  0.0000  0.0000  0.0000  0.0000  0.0000  0.0001  0.0000  0.0003  0.0000  0.0000  0.0000 == [0.2055, 0.5136]
0.6232  0.0002  0.0000  0.0001  0.0001  0.0000  0.0001  0.0000  0.0004  0.0000  0.0000  0.0000  0.0006  0.0001  0.0003  0.0000  0.0008  0.0000  0.0000  0.0000  0.0004  0.0002  0.0000  0.0000  0.0005  0.0011  0.0000  0.0000  0.0000  0.0000 == [0.6232, -0.2018]
0.4213  0.0001  0.0000  0.0001  0.0000  0.0000  0.0005  0.0000  0.0005  0.0001  0.0000  0.0000  0.0000  0.0000  0.0000  0.0000  0.0003  0.0000  0.0000  0.0003  0.0000  0.0000  0.0002  0.0000  0.0000  0.0004  0.0000  0.0001  0.0000  0.0000 == [0.4213, 0.0912]
0.0246  0.0000  0.0000  0.0000  0.0000  0.0000  0.0000  0.0000  0.0000  0.0000  0.0000  0.0000  0.0000  0.0000  0.0000  0.0000  0.0000  0.0000  0.0000  0.0000  0.0000  0.0000  0.0000  0.0000  0.0000  0.0000  0.0000  0.0001  0.0000  0.0000 == [0.0246, 0.8265]
0.0113  0.0000  0.0000  0.0000  0.0000  0.0001  0.0000  0.0000  0.0000  0.0000  0.0000  0.0000  0.0000  0.0000  0.0000  0.0000  0.0000  0.0000  0.0000  0.0000  0.0000  0.0000  0.0001  0.0000  0.0000  0.0000  0.0000  0.0000  0.0000  0.0000 == [0.0113, 0.8904]
0.2260  0.0000  0.0003  0.0000  0.0004  0.0002  0.0004  0.0008  0.0001  0.0001  0.0000  0.0000  0.0000  0.0002  0.0000  0.0001  0.0001  0.0000  0.0000  0.0000  0.0000  0.0000  0.0003  0.0000  0.0000  0.0008  0.0002  0.0001  0.0001  0.0000 == [0.2260, 0.3630]
0.2294  0.0000  0.0001  0.0000  0.0000  0.0002  0.0001  0.0001  0.0000  0.0003  0.0002  0.0000  0.0002  0.0000  0.0001  0.0000  0.0000  0.0000  0.0000  0.0001  0.0002  0.0000  0.0001  0.0000  0.0003  0.0000  0.0003  0.0001  0.0002  0.0000 == [0.2294, 0.3400]
0.8495  0.0001  0.0004  0.0001  0.0001  0.0001  0.0008  0.0000  0.0002  0.0000  0.0000  0.0000  0.0009  0.0000  0.0003  0.0000  0.0003  0.0000  0.0000  0.0000  0.0005  0.0001  0.0000  0.0000  0.0000  0.0004  0.0002  0.0000  0.0000  0.0001 == [0.8495, -0.7684]
0.6429  0.0000  0.0000  0.0000  0.0000  0.0002  0.0004  0.0000  0.0007  0.0001  0.0000  0.0000  0.0000  0.0000  0.0001  0.0001  0.0003  0.0000  0.0001  0.0000  0.0000  0.0000  0.0001  0.0001  0.0002  0.0000  0.0001  0.0000  0.0001  0.0000 == [0.6429, -0.4270]
0.0191  0.0000  0.0000  0.0000  0.0000  0.0000  0.0000  0.0000  0.0002  0.0000  0.0000  0.0000  0.0000  0.0000  0.0000  0.0000  0.0000  0.0000  0.0000  0.0000  0.0000  0.0000  0.0000  0.0000  0.0000  0.0000  0.0000  0.0001  0.0000  0.0000 == [0.0191, 0.8517]
0.0246  0.0000  0.0000  0.0000  0.0000  0.0000  0.0000  0.0000  0.0000  0.0000  0.0000  0.0000  0.0000  0.0000  0.0000  0.0000  0.0000  0.0000  0.0000  0.0000  0.0000  0.0000  0.0000  0.0000  0.0000  0.0000  0.0000  0.0001  0.0000  0.0000 == [0.0246, 0.8265]
0.6344  0.0002  0.0001  0.0002  0.0000  0.0001  0.0001  0.0000  0.0004  0.0000  0.0001  0.0000  0.0013  0.0001  0.0001  0.0000  0.0000  0.0001  0.0001  0.0000  0.0003  0.0004  0.0000  0.0001  0.0020  0.0015  0.0002  0.0000  0.0000  0.0003 == [0.6344, -0.3516]
0.0113  0.0000  0.0000  0.0000  0.0000  0.0000  0.0000  0.0000  0.0000  0.0000  0.0000  0.0000  0.0000  0.0000  0.0000  0.0000  0.0000  0.0000  0.0000  0.0000  0.0000  0.0000  0.0000  0.0000  0.0000  0.0000  0.0000  0.0000  0.0000  0.0000 == [0.0113, 0.8899]
0.6499  0.0002  0.0001  0.0002  0.0001  0.0002  0.0001  0.0000  0.0005  0.0000  0.0001  0.0000  0.0020  0.0002  0.0002  0.0000  0.0001  0.0001  0.0001  0.0000  0.0003  0.0004  0.0000  0.0001  0.0031  0.0048  0.0002  0.0000  0.0000  0.0003 == [0.6499, -0.4481]

0 of 100 are feasible solutions to Problem 3.1:

Process finished with exit code 0
